Execution Time Statistics

shell: for ((i=0; i<10; i++)); do ./x; sleep 1; done

a
---
E5 2620v3: 50000 50000 50000 50000 50000 50000 50000 50000 50000 50000


I5-5257U:
339431370
258508874
260985972
260790382
276536062
261474370
257854055
254713830
271584832
257702133

b
---
E5 2620v3: 30000 30000 20000 30000 30000 30000 30000 20000 30000 30000


I5-5257U:
204880659
148131571
136246421
135493619
149858427
144585432
135497215
130151855
141248550
142942353

c
---
E5 2620v3: 150000 150000 160000 150000 150000 140000 160000 150000 150000 150000


I5-5257U:
754742655
657310812
673902010
685250361
680370757
671841830
668621394
682553821
666121625
672377445

d
---
E5 2620v3: 120000 110000 110000 110000 110000 110000 110000 110000 110000 110000

I5-5257U:
546999597
461329084
468457393
461827614
466104229
464822903
469503483
457991723
466740990
473401864

e
---
E5 2620v3: 40000 40000 40000 30000 30000 30000 40000 40000 40000 40000


I5-5257U:
715459584
641575766
633149706
637148385
648341681
636767281
649202658
652538232
662142112
645887641

f
---
E5 2620v3: 10000 10000 10000 10000 10000 10000 10000 10000 10000 10000


I5-5257U:
117905208
62996583
63181238
71218815
65737494
64288042
69183415
66765613
67252215
66033641

